# oST version 5.0 parameters


[image]

width
640

height
480

[narrow_stereo]

camera matrix
767.363754 0.000000 321.850376
0.000000 734.653373 289.423762
0.000000 0.000000 1.000000

distortion
0.063119 -1.227123 -0.062405 -0.000305 0.000000

rectification
1.000000 0.000000 0.000000
0.000000 1.000000 0.000000
0.000000 0.000000 1.000000

projection
751.488525 0.000000 321.537518 0.000000
0.000000 739.717346 276.265396 0.000000
0.000000 0.000000 1.000000 0.000000
